              precision    recall  f1-score   support

           A      1.000     1.000     1.000         6
           F      0.863     0.921     0.891        89
          FT      0.500     0.250     0.333         4
           L      1.000     0.667     0.800         3
          LF      0.583     0.700     0.636        10
          MN      0.750     0.600     0.667         5
           O      0.667     0.625     0.645        16
          PE      0.833     0.769     0.800        13
          PO      0.333     0.500     0.400         2
          SC      0.333     0.250     0.286         4
          SE      0.815     0.880     0.846        25
          US      0.923     0.706     0.800        17

    accuracy                          0.809       194
   macro avg      0.717     0.656     0.675       194
weighted avg      0.809     0.809     0.805       194
