              precision    recall  f1-score   support

           A      0.786     0.478     0.595        23
          AU      0.722     1.000     0.839        26
           F      0.940     0.970     0.955      1206
          FT      0.000     0.000     0.000         2
          LF      1.000     0.250     0.400         4
          LL      0.333     0.200     0.250        10
           M      0.333     0.286     0.308         7
           O      0.667     0.500     0.571        12
           P      0.650     0.542     0.591        24
          PE      0.538     0.333     0.412        21
           R      0.500     0.200     0.286        10
          SC      0.000     0.000     0.000         2
          SE      0.854     0.714     0.778        49
          US      0.600     0.562     0.581        16

    accuracy                          0.909      1412
   macro avg      0.566     0.431     0.469      1412
weighted avg      0.900     0.909     0.902      1412
